0123
0123
0123

0122
0112
0112

0122
0112
0122

0122
0122
0112

0122
0122
0122

0112
0012
0012

0112
0012
0112

0112
0112
0012

0112
0112
0112

0112
0112
0122

0112
0122
0112

0112
0122
0122

0111
0001
0001

0111
0001
0011

0111
0001
0111

0111
0011
0001

0111
0011
0011

0111
0011
0111

0111
0111
0001

0111
0111
0011

0111
0111
0111

0012
0012
0012

0012
0012
0112

0012
0112
0012

0012
0112
0112

0011
0001
0001

0011
0001
0011

0011
0001
0111

0011
0011
0001

0011
0011
0011

0011
0011
0111

0011
0111
0001

0011
0111
0011

0011
0111
0111

0001
0001
0001

0001
0001
0011

0001
0001
0111

0001
0011
0001

0001
0011
0011

0001
0011
0111

0001
0111
0001

0000
0000
0000

0001
0111
0011




0001
0111
0111

0122
0112
0012

0012
0112
0122

4: 46
5: 212